10800
10800
10800
10800
10800
10800
10800
10800
10800
10800
10800
659
10800
10800
10800
10800
10800
10800
661
10800
10800
10800
10800
10800
10800
10800
10800
10800
10800
10800
10800
10800
10800
10800
10800
10800
10800
10800
10800
10800
10800
10800
660
660
10800
10800
10800
10800
1155
2182
1746
10800
10800
10800
10800
10800
10800
10800
10800
10800
10800
10800
2215
10800
10800
10800
957
10800
10800
4695
10800
10800
10800
10800
10800
10800
1646
10800
10800
10800
10800
10800
1865
10800
3320
10800
10800
1666
10800
10800
10800
10800
10800
4863
10800
10800
10800
10800
10800
1102
10800
5629
2054
10800
10800
10800
10800
1173
2122
10800
10800
10800
10800
10800
10800
10800
10800
10800
1191
10800
10800
10800
10800
10800
10800
10800
10800
2143
10800
1749
10800
10800
2059
3156
4857
10800
6299
10800
5412
10800
10800
10800
6367
5075
10800
10800
3168
10800
10800
10800
10800
10800
10800
1548
13737
1208
10800
1594
10800
10800
10800
2207
3884
10800
10800
3714746
10800
10800
10800
1020
4195
10800
10800
10800
10800
10800
10800
10800
10800
10800
10800
10800
10800
10800
10800
3809
4335
10800
10800
2706
10800
4691
3893989
1085
10800
10800
4701
3354
2286
1054
10800
10800
4059327
10800
10800
10800
10800
10800
10800
10800
10800
10800
10800
10800
10800
12488
5942
10800
2039
5868
1319
4191
10800
10800
10800
5810
10800
10800
10800
10800
10800
2070
10800
10800
5001
10800
10800
10800
10800
10800
10800
10800
7475
10800
10800
10800
10800
10800
10800
10800
10800
10800
10800
10800
10800
10800
10800
10800
173438
10800
10800
10800
10800
10800
10800
4896
10800
10800
2108
10800
2527
10800
10800
10800
10800
10800
10800
10800
10800
10800
10800
10800
10800
3625
10800
10800
4450
10800
10800
10800
10800
10800
5314
10800
10800
10800
10800
10800
10800
10800
1452
10800
10800
10800
10800
10800
10800
10800
10800
10800
10800
10800
10800
10800
10800
10800
1827
10800
10800
10800
10800
10800
1751
10800
10800
10800
10800
10800
10800
351422
10800
6003
10800
10800
3551
10800
10800
3013
1258
699993
10800
6266
1164
10800
10800
10800
10800
3452
1373
10800
10800
10800
10800
10800
10800
10800
10800
1493
10800
10800
10800
10800
10800
10800
10800
10800
10800
10800
10800
10800
10800
10800
10800
10800
2228
10800
10800
3394
10800
10800
10800
10800
1214
10800
10800
10800
10800
10800
10800
10800
10800
10800
10800
10800
10800
10800
10800
10800
10800
10800
10800
10800
10800
10800
10800
10800
10800
10800
10800
10800
10800
10800
10800
10800
10800
10800
10800
10800
10800
10800
10800
10800
602081
10800
10800
10800
10800
761368
10800
1562
10800
3185071
6400
10800
5621
10800
10800
10800
10800
2203
10800
10800
10800
10800
10800
10800
10800
1255
2916
10800
10800
10800
10800
10800
3485
10800
10800
69678
10800
10800
1414
10800
10800
10800
10800
10800
10800
3466981
10800
1002
10800
10800
10800
5616
10800
6779
10800
1491
10800
10800
10800
937238
10800
10800
10800
10800
10800
10800
1169
1603
1632
5665
10800
1205
10800
10800
10800
10800
10800
10800
10800
10800
10800
10800
10800
3343
10800
10800
10800
10800
10800
10800
10800
2503267
10800
10800
10800
10800
10800
10800
10800
8571
10800
10800
10800
3669
10800
10800
4427
10800
10800
10800
10800
10800
1499
10800
10800
10800
2533
10800
10800
10800
10800
10800
4280
2516
10800
10800
10909
1312
10800
10800
10800
3871
661
10800
700875
10800
10800
10800
10800
10800
10800
10800
10800
10800
10800
10800
10800
10800
10800
10800
10800
4345
350280
1229
1299
10800
7395
5820
10800
10800
10800
6882
10800
4290
10800
8535
10800
10800
10800
10800
10800
10800
10800
10800
10800
12176
10800
10800
5912
10800
10800
10800
10800
10800
2301
10800
10800
2408
10800
10800
10800
1252
10800
10800
10800
10800
10800
2217
10800
10800
10800
10800
10800
10800
10800
10800
10800
10800
10800
10800
10800
6144
10800
10800
10800
10800
10800
10800
10800
10800
5389
5715
5622
10800
3627
6502
2203
3620
7061
1311
10800
10800
10800
2339598
10800
5300
5488
10800
10800
10800
10800
1978
10800
1698
10800
2065
10800
10800
10800
10800
10800
10800
1258
10800
10800
10800
600
10800
73660
10800
10800
10800
10800
10800
1700
10800
10800
1504
10800
10800
10800
1075
10800
10800
10800
10800
10800
10800
3928
1480
10800
10800
1824
10800
10800
10800
10800
10800
10800
6292
10800
10800
10800
10800
1682
1703
10800
10800
10800
10800
10800
10800
10800
10800
10800
10800
10800
10800
10800
10800
10800
10800
10800
10800
1326
10800
1368
1440
10800
1534
10800
10800
10800
10800
10800
2377
10800
10800
10800
10800
10800
10800
10800
10800
10800
10800
10800
1152
1349
1364
5178
10800
10800
5537
3816
10800
10800
4779
2220
10800
5837
10800
10800
11665
10800
3732
10800
10800
4705
10800
10800
10800
10800
10800
10800
10800
10800
10800
10800
10800
10800
10800
10800
10800
10800
10800
10800
10800
10800
10800
10800
10800
10800
10800
1642
10800
10800
10800
10800
10800
1140
10800
10800
10800
10800
10800
10800
10800
10800
10800
1206
10800
10800
10800
10800
10800
10800
10800
10800
3423
4434
4273
6058
10800
5651
10800
10800
10800
9776
10800
10800
97044
10800
10800
7785
10800
10800
10800
10800
10800
10800
10800
10800
10800
10800
10800
10800
10800
10800
10800
10800
10800
10800
10800
10800
10800
10800
10800
10800
2596807
10800
10800
10800
8508
10800
10800
10800
10800
10800
10800
10800
10800
10800
10800
10800
10800
10800
10800
10800
10800
10800
10800
10800
10947
10800
1629
10800
5877
10800
10800
10800
10800
10800
10800
10800
10800
10800
10800
1568
10800
10800
1691
10800
10800
10800
10800
10800
10800
10800
10800
3838
10800
10800
6720
2591348
10800
4458
10800
10800
10800
1140
10800
10800
10800
10800
10800
10800
1213
10800
10800
10800
10800
10800
10800
10800
4510
10800
10800
10800
10800
10800
10800
10800
10800
10800
10800
10800
432575
661
10800
90715
10800
10800
660
10800
3722
10800
10800
10800
10800
10800
10800
10800
10800
10800
10800
10800
12088
10800
10800
10800
10800
10800
10800
10800
10800
5407
1616
10800
10800
10800
10800
1891
602861
10800
10800
10800
10800
10800
10800
10800
1545
3529
10800
5184
10800
6988
10800
10800
10800
10800
6810
443280
5725
10800
10800
10800
10800
4531
10800
162968
10800
10800
5713
10800
10800
10800
10800
10800
10800
10800
10800
10800
10800
10800
1020
10800
10800
10800
10800
10800
10800
10800
10800
10800
10800
10800
10800
10800
10800
10800
10800
10800
10800
10800
10800
10800
10800
10800
2418402
10800
6956
10800
1381
10800
10800
10800
4824
10800
10800
1535
10800
10800
2612
10800
10800
2704
5732
10800
10800
10800
10656
10800
10800
10800
10800
1097
10800
10800
10800
10800
10800
10800
10800
10800
10800
10800
10800
10800
10800
10800
1405
10800
1426
1590
10800
10800
10800
10800
10800
10800
10800
10800
10800
10800
10800
1668
10800
10800
10800
5183
10800
10800
10800
1336
10800
10800
10800
10800
10800
10800
10800
10800
10800
10800
10800
10800
10800
10800
10800
10800
10800
10800
10800
10800
10800
10800
10800
2364
10800
10800
10800
10800
10800
802
1241
717
10800
10800
10800
10800
10800
10800
7493
10800
10800
10800
10800
10800
10800
10800
10800
10800
10800
10800
10800
10800
10800
10800
10800
10800
1335
10800
10800
10800
10800
10800
10800
10800
10800
10800
10800
10800
10800
14725
4207
10800
6988
1382
10800
5861
1761
4796
10800
10800
10800
909
10800
10800
10800
10800
1231
10800
10800
10800
10800
10800
10800
10800
10800
2491
10800
1483
10800
10800
10800
1277
10800
10800
10800
10800
10800
1196
10800
10800
10800
10800
10800
1310
10800
10800
994
10800
10800
10800
10800
10800
10800
10800
10800
10800
10800
10800
692109
10800
10800
10800
10800
79118
10800
726
10800
10800
10800
5530
10800
10800
10800
2075
10800
10800
10800
10800
10800
10800
10800
10800
10800
10800
10800
10800
1506
10800
1580
10800
10800
10800
10800
10800
10800
10800
4735
3538
1624
6051
10800
10800
10800
3666
8011
4456
10800
10800
1546
10800
10800
10800
10800
10800
10800
10800
10800
10800
10800
10800
10800
10800
1874
10800
10800
10800
10800
10800
10800
10800
10800
10800
10800
10800
6648
10800
3817
1461
10800
10800
4306
10800
4460
10800
10800
10800
5969
10800
10800
10800
10800
10800
6882
10800
10800
10800
10800
10800
10800
10800
10800
1205
10800
10800
10800
10800
1114634
10800
10800
10800
10800
10800
10800
10800
10800
10800
10800
3793
5694
7718
4905
10800
10800
10800
10800
10800
10800
99339
10800
10800
10800
10800
10800
10800
10800
10800
1497
10800
1695
1772
10800
10800
10800
10800
10800
10800
10800
10800
10800
10800
10800
10800
10800
6186
10800
2725
2663
10800
10800
10800
2092
10800
10800
10800
10800
10800
11033
4368
6421
10800
6317
10800
10800
8434
10800
10800
10800
4695
10800
10800
10800
10800
10800
1791
10800
10800
10800
10800
10800
10800
10800
10800
10800
596517
10800
10800
10800
10800
1850
10800
2434
10800
10800
10800
10800
10800
10800
1468
10800
10800
10800
10800
10800
1373
10800
10800
10800
10800
10800
10800
10800
10800
10800
10800
10800
10800
1720
10800
10800
10800
10800
10800
6234
10800
10800
10800
10800
10800
10800
10800
5042
10800
10800
1499
1253
10800
10800
10800
10800
664
10800
2361
10800
10800
10800
10800
10800
10800
10800
10800
10800
10800
10800
10800
10800
10800
1708
10800
10800
10800
10800
10800
10800
10800
10800
10800
10800
4091
10800
10800
10800
10800
10800
10800
10800
10800
10800
10800
10800
10800
5378
10800
1487
10800
10800
10800
10800
10800
10800
10800
10800
10800
10800
10800
10800
10800
10800
10800
10731
10800
2128
10800
10800
10800
529576
10800
10800
10800
1215483
10800
10800
10800
10800
10800
4452
10800
10800
10800
10800
10800
10800
6431
10800
1425
10800
10800
5757
2577
10800
10800
10800
10800
2200
10800
10800
10800
10800
1554
10800
10800
10800
1686
10800
10800
4573
5553
10800
10800
10800
10800
1255
10800
10800
10800
10800
1648
1770
10800
10800
1907
10800
1415
92260
10800
10800
10800
10800
10800
10800
10800
10800
10800
10800
10800
10800
10800
10800
10800
10800
10800
10800
1307
10800
10800
5187
10800
1743
1815
10800
10800
10800
10800
10800
10800
10800
10800
10800
10800
10800
2473
10800
10800
6457
10800
7429
4592
10800
10800
1498
4119
10800
12027
10800
10800
10800
10800
10800
10800
10800
10800
10800
10800
1719
10800
10800
10800
10800
10800
10800
10800
10800
10800
10800
10800
10800
10800
10800
10800
1748
10800
5731
10800
1931
10800
2541
10800
10800
866276
906
10800
10800
10800
8640
10800
10800
10800
10800
10800
10800
10800
10800
10800
10800
10800
10800
10800
10800
4365
10800
1464
10800
10800
10800
10800
10800
1546
10800
1182
10800
10800
1649
10528
10800
10800
3300
10800
10800
10800
4455
6977
4370
10800
5780
10800
13072
10800
10800
1770
5399
10800
6446
10800
10800
10800
1536
10800
1558
10800
1142
10800
1281
10800
10800
2387
1836
10800
10800
10800
10800
10800
10800
10800
10800
10800
10800
10800
10800
10800
10800
10800
10800
10800
10800
2377
10800
10800
10800
10800
10800
10800
10800
10800
10800
10800
10800
10800
10800
10800
9249
10800
10800
10800
10800
1035
10800
10800
10800
10800
10800
10800
10800
10800
10800
10800
10800
609057
681255
10800
1708
10800
10800
10800
10800
10800
10800
1289
10800
10800
689952
10800
1466
1115
10800
10800
10800
1064
10800
10800
10800
10800
10800
10800
10800
10800
10800
1763
2324
10800
7737
10800
1306
10800
10800
10800
10800
10800
4805
10800
10800
10800
10800
10800
10800
10800
10800
10800
2144
10800
1371
1952
10800
10800
10800
1676
10800
514111
1692
10800
10800
1125
10800
10800
604313
10800
10800
3170
10800
10800
10800
10800
10800
10800
5036
10800
1559
10800
3726
4801
10800
10800
10800
10800
10800
10800
10800
9400
6757
10800
10800
10800
10800
10800
10800
10800
10800
3016
10800
10800
10800
10800
1149
10800
10800
10800
10800
10800
10800
10800
10800
10800
10800
10800
10800
10800
10800
10800
10800
10800
10800
2454
10800
10800
431175
10800
10800
10800
1655
1565
1617
10800
10800
10800
6346
6537
10800
10800
10800
3744
10800
10800
1623
10800
10800
10800
10800
10800
1756
10800
10800
10800
10800
10800
10800
10800
10800
10800
10800
10800
10800
10800
10800
10800
10800
10800
10800
10800
1440
1951
10800
10800
10800
10800
5715
5835
5831
6279
340469
1096
10800
10800
1462
10800
10800
10800
10800
10800
10800
10800
10800
10800
10800
10800
10800
10800
10800
10800
5880
10800
10800
10800
10800
10800
10800
10800
10800
6476
10800
10800
1617
10800
4508
10800
2057
10800
1580
10800
3942
10800
10800
1837
5783
10800
10800
10800
10800
10800
10800
10800
10800
10800
10800
10800
10800
10800
10800
10800
3592
10800
10800
10800
10800
10800
10800
6238
10800
10800
10800
10800
10800
10800
10800
10800
10800
10800
10800
10800
10800
10800
10800
1109
10800
10800
10800
10800
10800
10800
10800
10800
10800
10800
10800
10800
10800
10800
10800
10800
10800
10800
10800
10800
10800
10800
10800
10800
10800
10800
10800
10800
10800
10800
5487
10800
10800
1149
10800
7705
10800
8394
10800
10800
10800
10800
10800
1003
10800
10800
10800
10800
10800
10800
10800
10800
10800
10800
10800
10800
10800
10800
10800
10800
10800
10800
10800
10800
10800
10800
10800
10800
10800
10800
10800
10800
1103
10800
10800
10800
10800
10800
10800
10800
3499
10800
10800
10800
10800
10800
10800
10800
10800
4351
1255
10800
10800
10800
10800
10800
10800
5152
10800
10800
10800
10800
10800
10800
10800
10800
10800
10800
10800
10800
10800
10800
